172.6917261 -43.6281233
171.740556 -43.196592
173.768165 -41.054913
172.89741 -41.940385
172.89741 -41.940385
170.605454 -45.776728
171.22853 -42.869974
171.22853 -42.869974
167.418387 -47.243019
171.2442905 -44.4454975
171.906209 -43.043222
173.0034883 -40.8144466
170.605454 -45.776728
174.0117073 -41.2915671
167.717137 -47.184349
167.8381864 -46.9868632
168.3421777 -46.6101895
168.015371 -46.3541431
166.97869 -45.296998
168.017284 -44.977249
171.32836 -42.24442
168.7324 -45.0306
168.69962 -45.05162
168.69303 -45.04324
168.69303 -45.04324
168.72606 -45.02824
168.69388 -45.04352
168.62036 -45.0467
168.62036 -45.0467
168.6177618 -45.04975967
168.71484 -45.32554
168.71642 -45.32394
168.70934 -45.32768
168.71538 -45.32496
168.70942 -45.32728
168.770463 -45.138507
168.703142 -45.022715
168.682501 -45.033694
168.694591 -45.026602
168.710041 -45.020337
168.352344 -44.898992
168.350398 -44.864466
168.354138 -44.902626
168.35893 -44.919629
168.358678 -44.924292
168.34875 -44.86111
171.32836 -42.24442
171.32584 -42.2377
171.30138 -42.2747
171.30138 -42.2747
171.33276 -42.21278
171.33276 -42.21278
170.52715 -45.86074
170.53498 -45.85562
170.524304 -45.857496
170.5410863 -45.8496587
170.5483278 -45.83827376
170.5179191 -45.85050206
170.5165887 -45.84188055
170.5124474 -45.84537834
167.396114 -47.256798
167.418387 -47.243019
168.984489 -44.740637
168.255827 -46.530796
168.255827 -46.530796
168.255827 -46.530796
168.255827 -46.530796
168.255827 -46.530796
168.255827 -46.530796
167.717137 -47.184349
167.8785355 -46.9710707
167.8785355 -46.9710707
167.8785355 -46.9710707
168.984489 -44.740637
173.7903764 -41.0489273
173.7903764 -41.0489273
168.984489 -44.740637
168.984489 -44.740637
168.76734 -45.138112
